7205.289932 7026.341011
15537.363271 25168.833798
22828.809185 21365.280809
24497.000000 4616.420841
28800.639559 21073.054147
36049.817346 22340.520195
44214.740570 22113.964630
57381.825996 12161.439356
14489.878283 34680.217103
21982.447281 33787.972377
25546.724342 32441.763596
28010.437791 28332.198687
31667.975072 31234.012739
35325.576894 31561.327231
39010.270108 32965.912554
46538.466332 32770.833242
15642.408745 38977.855903
21748.596010 39878.026962
27669.198417 38378.596465
31878.072362 37932.542276
34261.821810 39477.373517
37838.336504 37735.478198
41800.612927 38697.296824
49314.935585 37871.663884
17135.745943 46454.978833
23585.263526 44119.105126
25526.213253 47274.613334
30190.418409 47481.002814
31036.094409 46460.201310
33143.709834 45669.810004
37541.490630 43224.185982
47002.061353 42755.991101
5679.073157 53699.134183
16606.428992 51845.244252
21080.519676 52770.808291
27605.601198 50730.436412
31389.798147 48627.168057
31983.149669 51902.731125
34646.969976 49621.167524
37794.984570 49497.465641